    0.000000  -1181.826050  234.701950  -947.124084
    1.000000  -1095.075928  213.811920  -881.264038
    2.000000  -1064.028809  190.786026  -873.242798
    3.000000  -1092.942627  227.032196  -865.910400
    4.000000  -1075.830688  206.338959  -869.491699
    5.000000  -1061.280029  237.314713  -823.965332
    6.000000  -1049.818970  229.135376  -820.683594
    7.000000  -1069.177856  246.839066  -822.338806
    8.000000  -1053.917358  216.800964  -837.116394
    9.000000  -1049.459717  220.433685  -829.026001
   10.000000  -1048.171143  227.726212  -820.444946
   11.000000  -1073.020386  238.251160  -834.769226
   12.000000  -1063.646240  237.338181  -826.308044
   13.000000  -1061.792114  243.345474  -818.446655
   14.000000  -1058.589233  245.108582  -813.480652
   15.000000  -1061.775635  226.554352  -835.221313
   16.000000  -1062.117920  226.945923  -835.171997
   17.000000  -1065.169800  248.251526  -816.918274
   18.000000  -1056.113892  215.679520  -840.434387
   19.000000  -1041.610840  219.759277  -821.851562
   20.000000  -1050.075806  244.280640  -805.795166
   21.000000  -1061.118286  236.252411  -824.865845
   22.000000  -1054.024536  224.053131  -829.971436
   23.000000  -1055.223877  228.798004  -826.425903
   24.000000  -1058.234009  240.353973  -817.880005
   25.000000  -1050.498779  265.998657  -784.500122
   26.000000  -1039.376587  244.054810  -795.321777
   27.000000  -1034.097290  224.415680  -809.681641
   28.000000  -1046.798584  222.209473  -824.589111
   29.000000  -1038.200928  219.834579  -818.366333
   30.000000  -1065.801147  236.776062  -829.025085
   31.000000  -1041.979980  224.452972  -817.526978
   32.000000  -1033.353271  229.332657  -804.020630
   33.000000  -1063.524780  251.532623  -811.992188
   34.000000  -1066.406128  251.428802  -814.977295
   35.000000  -1070.369263  237.449921  -832.919312
   36.000000  -1054.087402  229.904861  -824.182556
   37.000000  -1053.071533  230.359619  -822.711914
   38.000000  -1050.561035  232.211182  -818.349854
   39.000000  -1051.267334  249.521057  -801.746277
   40.000000  -1042.426147  222.549942  -819.876221
   41.000000  -1072.930908  257.190613  -815.740295
   42.000000  -1058.453003  230.995712  -827.457275
   43.000000  -1077.236572  235.530426  -841.706177
   44.000000  -1071.574219  223.795929  -847.778320
   45.000000  -1039.248657  210.897430  -828.351196
   46.000000  -1048.678589  226.771072  -821.907532
   47.000000  -1054.298584  238.603271  -815.695312
   48.000000  -1062.953125  234.447006  -828.506104
   49.000000  -1072.357300  244.250031  -828.107300
   50.000000  -1071.665405  232.410004  -839.255371
   51.000000  -1072.922974  231.122421  -841.800537
   52.000000  -1078.676880  239.550797  -839.126099
   53.000000  -1063.516479  195.219574  -868.296875
   54.000000  -1061.756958  198.391815  -863.365112
   55.000000  -1063.542969  221.836838  -841.706116
   56.000000  -1043.941895  225.779770  -818.162109
   57.000000  -1067.899658  216.306366  -851.593262
   58.000000  -1060.722656  229.808212  -830.914429
   59.000000  -1054.115723  249.341721  -804.773987
   60.000000  -1040.564941  229.387375  -811.177551
   61.000000  -1049.284668  239.168930  -810.115723
   62.000000  -1050.921753  240.455750  -810.466003
   63.000000  -1053.093994  220.588593  -832.505371
   64.000000  -1074.285645  267.173218  -807.112427
   65.000000  -1037.628174  244.498734  -793.129456
   66.000000  -1045.786621  254.480789  -791.305847
   67.000000  -1028.258545  223.713272  -804.545288
   68.000000  -1064.560303  261.060608  -803.499695
   69.000000  -1063.215332  264.658264  -798.557068
   70.000000  -1044.441895  255.826782  -788.615112
   71.000000  -1050.162476  226.520554  -823.641907
   72.000000  -1063.584473  238.481201  -825.103271
   73.000000  -1049.291016  240.540359  -808.750671
   74.000000  -1062.271851  232.779938  -829.491943
   75.000000  -1058.408936  232.044342  -826.364624
   76.000000  -1065.276855  214.449524  -850.827332
   77.000000  -1077.311646  224.441345  -852.870300
   78.000000  -1067.779541  232.485687  -835.293823
   79.000000  -1059.480835  217.820053  -841.660767
   80.000000  -1059.612305  206.987717  -852.624573
   81.000000  -1068.833008  235.239395  -833.593628
   82.000000  -1054.896606  238.315247  -816.581360
   83.000000  -1054.477051  246.021133  -808.455933
   84.000000  -1046.969116  227.664490  -819.304626
   85.000000  -1060.550537  261.087494  -799.463013
   86.000000  -1050.346680  235.871017  -814.475647
   87.000000  -1046.523315  236.438080  -810.085205
   88.000000  -1064.891235  252.570465  -812.320801
   89.000000  -1058.901978  250.895859  -808.006104
   90.000000  -1059.203369  230.206589  -828.996765
   91.000000  -1077.151733  216.560455  -860.591309
   92.000000  -1069.520630  228.253021  -841.267578
   93.000000  -1080.148071  212.028305  -868.119751
   94.000000  -1065.987549  212.911057  -853.076477
   95.000000  -1060.273071  217.494659  -842.778442
   96.000000  -1075.850098  230.075836  -845.774292
   97.000000  -1033.231445  229.408401  -803.823059
   98.000000  -1052.442871  226.240601  -826.202271
   99.000000  -1057.612915  231.610580  -826.002319
  100.000000  -1051.217041  206.830734  -844.386292
  101.000000  -1066.844849  224.279846  -842.565002
  102.000000  -1069.337036  234.308746  -835.028320
  103.000000  -1076.061035  223.750076  -852.310974
  104.000000  -1060.786743  228.805832  -831.980896
  105.000000  -1044.787231  225.052261  -819.734985
  106.000000  -1043.378906  247.524139  -795.854736
  107.000000  -1053.394653  253.186829  -800.207825
  108.000000  -1063.824463  234.820984  -829.003479
  109.000000  -1050.352295  232.958740  -817.393555
  110.000000  -1070.486328  263.481995  -807.004333
  111.000000  -1057.344482  234.063843  -823.280640
  112.000000  -1063.502319  226.040482  -837.461853
  113.000000  -1048.949585  243.985458  -804.964111
  114.000000  -1039.419678  240.423096  -798.996582
  115.000000  -1065.777710  238.209442  -827.568237
  116.000000  -1055.895630  248.914398  -806.981201
  117.000000  -1058.423340  213.735016  -844.688354
  118.000000  -1070.933105  232.953125  -837.979980
  119.000000  -1057.926147  225.861023  -832.065125
  120.000000  -1053.405396  222.068619  -831.336792
  121.000000  -1051.035522  241.127945  -809.907593
  122.000000  -1058.581299  232.834061  -825.747253
  123.000000  -1063.556519  241.997406  -821.559082
  124.000000  -1077.806030  242.660187  -835.145874
  125.000000  -1060.108276  243.178116  -816.930176
  126.000000  -1052.063232  223.799927  -828.263306
  127.000000  -1063.389038  232.875183  -830.513855
  128.000000  -1048.530396  224.765747  -823.764648
  129.000000  -1058.926270  244.970428  -813.955811
  130.000000  -1037.879883  243.394470  -794.485413
  131.000000  -1055.285645  228.131210  -827.154419
  132.000000  -1065.635010  261.612427  -804.022583
  133.000000  -1058.979614  258.363678  -800.615967
  134.000000  -1056.511963  249.348633  -807.163330
  135.000000  -1077.092896  233.007111  -844.085815
  136.000000  -1088.460083  230.674225  -857.785889
  137.000000  -1067.089966  241.202103  -825.887878
  138.000000  -1050.108765  239.500168  -810.608582
  139.000000  -1068.787231  245.422958  -823.364258
  140.000000  -1060.781006  212.655487  -848.125488
  141.000000  -1062.576294  236.132538  -826.443726
  142.000000  -1049.051392  229.649963  -819.401428
  143.000000  -1049.569458  228.131943  -821.437500
  144.000000  -1042.387817  227.680145  -814.707642
  145.000000  -1050.925415  234.222168  -816.703247
  146.000000  -1058.978149  235.397263  -823.580872
  147.000000  -1076.391479  216.645538  -859.745972
  148.000000  -1066.229736  233.299164  -832.930542
  149.000000  -1046.118530  243.305084  -802.813477
  150.000000  -1021.444336  228.211914  -793.232422
  151.000000  -1071.152954  248.166367  -822.986572
  152.000000  -1061.874146  226.646790  -835.227356
  153.000000  -1064.332520  221.764374  -842.568115
  154.000000  -1056.676025  208.964691  -847.711304
  155.000000  -1075.847046  243.928146  -831.918884
  156.000000  -1059.767578  227.656799  -832.110779
  157.000000  -1072.198853  213.577560  -858.621277
  158.000000  -1069.649902  227.570221  -842.079712
  159.000000  -1050.428345  216.553650  -833.874695
  160.000000  -1057.635010  244.077179  -813.557861
  161.000000  -1052.655884  234.043457  -818.612427
  162.000000  -1045.844971  229.848755  -815.996216
  163.000000  -1057.402588  217.972046  -839.430542
  164.000000  -1054.248657  235.071762  -819.176880
  165.000000  -1067.325928  234.766418  -832.559509
  166.000000  -1053.276978  226.035690  -827.241272
  167.000000  -1058.672729  242.645386  -816.027344
  168.000000  -1063.716675  245.960907  -817.755737
  169.000000  -1047.121094  229.364685  -817.756409
  170.000000  -1060.950806  250.451645  -810.499146
  171.000000  -1078.308838  247.696854  -830.612000
  172.000000  -1063.839722  220.417816  -843.421875
  173.000000  -1071.286011  224.450119  -846.835876
  174.000000  -1066.723389  237.746170  -828.977234
  175.000000  -1059.097412  234.205368  -824.892029
  176.000000  -1060.475708  236.090500  -824.385193
  177.000000  -1057.702148  234.272263  -823.429871
  178.000000  -1071.962158  244.164749  -827.797424
  179.000000  -1073.793701  235.980072  -837.813599
  180.000000  -1074.504761  238.010406  -836.494385
  181.000000  -1058.798828  230.249359  -828.549438
  182.000000  -1059.159424  232.558960  -826.600464
  183.000000  -1079.575806  236.168518  -843.407288
  184.000000  -1068.017334  243.318054  -824.699280
  185.000000  -1061.744141  232.349350  -829.394775
  186.000000  -1055.865356  226.678101  -829.187256
  187.000000  -1055.613281  226.799591  -828.813721
  188.000000  -1076.303101  226.061096  -850.242004
  189.000000  -1066.488525  226.483505  -840.005005
  190.000000  -1046.545532  223.121429  -823.424072
  191.000000  -1069.792480  222.498779  -847.293701
  192.000000  -1071.900635  220.396805  -851.503845
  193.000000  -1057.794434  211.644760  -846.149658
  194.000000  -1071.588745  201.133469  -870.455261
  195.000000  -1066.121460  222.618774  -843.502686
  196.000000  -1057.206909  223.097153  -834.109741
  197.000000  -1052.491699  212.528473  -839.963257
  198.000000  -1047.469238  214.552155  -832.917114
  199.000000  -1062.072266  230.761398  -831.310852
  200.000000  -1057.741211  242.577484  -815.163696
  201.000000  -1066.687988  241.756683  -824.931274
  202.000000  -1060.571777  240.604630  -819.967163
  203.000000  -1050.632690  216.131805  -834.500854
  204.000000  -1058.755859  231.075607  -827.680237
  205.000000  -1040.731934  221.162537  -819.569397
  206.000000  -1055.766357  238.956467  -816.809875
  207.000000  -1041.885010  223.092102  -818.792908
  208.000000  -1073.229614  246.060547  -827.169067
  209.000000  -1072.882324  216.241867  -856.640442
  210.000000  -1050.425781  205.381622  -845.044189
  211.000000  -1078.182495  224.725250  -853.457275
  212.000000  -1040.833618  227.618652  -813.214966
  213.000000  -1044.155518  230.851334  -813.304199
  214.000000  -1065.766968  244.285889  -821.481079
  215.000000  -1052.696289  234.580566  -818.115723
  216.000000  -1077.977051  231.322449  -846.654602
  217.000000  -1069.769653  245.316437  -824.453247
  218.000000  -1069.918335  249.156784  -820.761536
  219.000000  -1054.215698  234.472519  -819.743164
  220.000000  -1070.886963  236.747742  -834.139221
  221.000000  -1051.002686  223.978149  -827.024536
  222.000000  -1045.624878  214.006531  -831.618347
  223.000000  -1067.147217  223.518768  -843.628418
  224.000000  -1081.351196  234.771362  -846.579834
  225.000000  -1067.973877  233.506805  -834.467041
  226.000000  -1053.868164  208.554077  -845.314087
  227.000000  -1063.853638  225.549774  -838.303833
  228.000000  -1068.750122  233.264725  -835.485413
  229.000000  -1063.825806  238.072403  -825.753418
  230.000000  -1070.582397  229.458679  -841.123718
  231.000000  -1068.080200  262.195862  -805.884338
  232.000000  -1057.799805  256.975311  -800.824463
  233.000000  -1049.590088  249.376266  -800.213806
  234.000000  -1059.191040  241.573181  -817.617859
  235.000000  -1052.579102  222.341064  -830.238037
  236.000000  -1074.339600  224.432922  -849.906677
  237.000000  -1064.661499  237.437958  -827.223511
  238.000000  -1041.869873  224.026642  -817.843262
  239.000000  -1069.774536  251.236725  -818.537842
  240.000000  -1042.587769  229.233307  -813.354492
  241.000000  -1050.862549  250.733795  -800.128784
  242.000000  -1059.651001  226.621811  -833.029175
  243.000000  -1055.191040  213.849487  -841.341553
  244.000000  -1061.393188  210.743561  -850.649658
  245.000000  -1051.586670  229.717178  -821.869507
  246.000000  -1073.774292  218.374573  -855.399719
  247.000000  -1069.171875  223.990173  -845.181702
  248.000000  -1071.635132  220.015121  -851.619995
  249.000000  -1066.324341  219.160690  -847.163635
  250.000000  -1057.253540  236.026443  -821.227112
  251.000000  -1062.627808  241.966782  -820.661011
  252.000000  -1043.473022  248.150208  -795.322815
  253.000000  -1076.004883  253.467178  -822.537720
  254.000000  -1058.061279  244.439575  -813.621704
  255.000000  -1062.068115  234.503952  -827.564148
  256.000000  -1060.971680  219.871231  -841.100464
  257.000000  -1061.890991  241.569611  -820.321411
  258.000000  -1066.939209  219.700104  -847.239136
  259.000000  -1077.592285  213.905396  -863.686890
  260.000000  -1081.098022  210.706665  -870.391357
  261.000000  -1063.250244  246.941589  -816.308655
  262.000000  -1060.990479  244.230423  -816.760071
  263.000000  -1057.568237  216.127701  -841.440552
  264.000000  -1052.436646  234.052094  -818.384521
  265.000000  -1061.085205  234.734772  -826.350464
  266.000000  -1060.855469  227.397629  -833.457825
  267.000000  -1061.820557  242.020172  -819.800415
  268.000000  -1067.784790  216.198090  -851.586670
  269.000000  -1061.975830  232.370621  -829.605225
  270.000000  -1068.945801  230.910736  -838.035034
  271.000000  -1069.789917  231.894699  -837.895203
  272.000000  -1059.001953  223.331650  -835.670288
  273.000000  -1036.426514  205.980011  -830.446533
  274.000000  -1079.593384  261.612152  -817.981201
  275.000000  -1052.415527  234.489273  -817.926270
  276.000000  -1072.165039  251.617538  -820.547485
  277.000000  -1072.507935  225.429779  -847.078125
  278.000000  -1049.597900  211.793411  -837.804504
  279.000000  -1060.449463  220.244720  -840.204712
  280.000000  -1068.109985  233.417130  -834.692871
  281.000000  -1065.855225  229.114227  -836.740967
  282.000000  -1067.194702  219.433945  -847.760742
  283.000000  -1074.831177  227.278336  -847.552856
  284.000000  -1058.817139  238.080383  -820.736755
  285.000000  -1043.665894  236.594467  -807.071411
  286.000000  -1048.230103  248.236954  -799.993164
  287.000000  -1062.168823  231.473938  -830.694885
  288.000000  -1070.008057  245.223724  -824.784302
  289.000000  -1058.957275  222.194382  -836.762878
  290.000000  -1057.147217  205.123398  -852.023804
  291.000000  -1068.450562  243.347733  -825.102844
  292.000000  -1064.503418  248.121552  -816.381836
  293.000000  -1057.377197  249.376099  -808.001099
  294.000000  -1048.700073  246.526917  -802.173157
  295.000000  -1061.684204  239.295364  -822.388855
  296.000000  -1057.699341  230.086365  -827.612976
  297.000000  -1061.050781  239.864975  -821.185791
  298.000000  -1062.394775  242.618744  -819.776001
  299.000000  -1074.309814  238.662125  -835.647705
  300.000000  -1074.689697  236.087463  -838.602234
  301.000000  -1071.437134  220.577591  -850.859558
  302.000000  -1065.601562  231.521393  -834.080200
  303.000000  -1057.540771  233.212540  -824.328247
  304.000000  -1066.317871  236.001785  -830.316101
  305.000000  -1060.268677  237.646301  -822.622375
  306.000000  -1061.162109  228.084427  -833.077698
  307.000000  -1056.772217  220.189316  -836.582886
  308.000000  -1053.517578  221.274750  -832.242798
  309.000000  -1068.372803  232.497681  -835.875122
  310.000000  -1074.292236  236.324890  -837.967346
  311.000000  -1071.039429  225.771133  -845.268311
  312.000000  -1067.498535  222.899887  -844.598633
  313.000000  -1057.119629  214.239502  -842.880127
  314.000000  -1069.424316  241.273956  -828.150391
  315.000000  -1067.572388  242.344696  -825.227661
  316.000000  -1050.013184  237.199432  -812.813721
  317.000000  -1056.251953  222.838928  -833.413025
  318.000000  -1049.840088  227.057831  -822.782227
  319.000000  -1064.064209  233.022644  -831.041565
  320.000000  -1059.640015  227.780121  -831.859863
  321.000000  -1050.064941  241.459045  -808.605896
  322.000000  -1053.455811  235.098785  -818.357056
  323.000000  -1054.681641  248.446152  -806.235474
  324.000000  -1034.257935  222.751373  -811.506592
  325.000000  -1050.386719  238.633224  -811.753479
  326.000000  -1058.392334  250.371353  -808.020996
  327.000000  -1057.831787  243.164841  -814.666931
  328.000000  -1050.735840  239.066650  -811.669189
  329.000000  -1069.122314  242.862991  -826.259338
  330.000000  -1054.125000  240.425903  -813.699097
  331.000000  -1060.332642  234.596863  -825.735779
  332.000000  -1069.465942  233.500092  -835.965820
  333.000000  -1059.808716  239.287155  -820.521545
  334.000000  -1059.897461  238.930893  -820.966553
  335.000000  -1062.394043  229.485321  -832.908691
  336.000000  -1052.854248  202.684662  -850.169556
  337.000000  -1071.148071  225.823364  -845.324707
  338.000000  -1065.211060  233.842834  -831.368225
  339.000000  -1055.306152  237.858704  -817.447449
  340.000000  -1054.926147  225.520859  -829.405273
  341.000000  -1058.258667  227.733658  -830.525024
  342.000000  -1068.185425  239.497833  -828.687622
  343.000000  -1062.119507  247.446564  -814.672974
  344.000000  -1056.764038  224.172668  -832.591370
  345.000000  -1060.227295  227.809875  -832.417419
  346.000000  -1047.605469  250.690918  -796.914551
  347.000000  -1045.568481  215.795380  -829.773071
  348.000000  -1055.210815  240.876389  -814.334412
  349.000000  -1044.764526  247.307770  -797.456787
  350.000000  -1060.535645  250.650299  -809.885376
  351.000000  -1058.783936  259.110046  -799.673889
  352.000000  -1052.408447  251.924866  -800.483582
  353.000000  -1051.119873  231.384384  -819.735474
  354.000000  -1072.328735  248.743851  -823.584900
  355.000000  -1045.328979  246.658310  -798.670654
  356.000000  -1049.294434  263.737671  -785.556763
  357.000000  -1038.849609  240.772339  -798.077271
  358.000000  -1039.564697  256.724518  -782.840210
  359.000000  -1046.846802  237.519028  -809.327759
  360.000000  -1041.316406  225.657455  -815.658936
  361.000000  -1037.463013  249.840546  -787.622437
  362.000000  -1045.324341  248.334335  -796.989990
  363.000000  -1061.940186  252.851578  -809.088623
  364.000000  -1040.433105  255.779037  -784.654053
  365.000000  -1062.151733  228.811951  -833.339783
  366.000000  -1062.859985  222.921829  -839.938171
  367.000000  -1072.082520  238.468124  -833.614380
  368.000000  -1076.648438  242.964905  -833.683533
  369.000000  -1075.919312  244.843491  -831.075806
  370.000000  -1065.898926  250.789383  -815.109558
  371.000000  -1059.543335  229.654190  -829.889160
  372.000000  -1051.735718  229.366669  -822.369019
  373.000000  -1059.443726  229.727631  -829.716064
  374.000000  -1060.394531  229.459015  -830.935547
  375.000000  -1072.246216  225.443527  -846.802673
  376.000000  -1059.091553  232.906723  -826.184814
  377.000000  -1060.078003  234.808014  -825.270020
  378.000000  -1060.955566  244.923264  -816.032288
  379.000000  -1059.858521  235.561523  -824.296997
  380.000000  -1059.996460  235.019775  -824.976685
  381.000000  -1046.030518  238.539261  -807.491272
  382.000000  -1033.162109  230.351196  -802.810913
  383.000000  -1052.977783  257.947083  -795.030701
  384.000000  -1052.007080  235.899765  -816.107300
  385.000000  -1048.547729  234.106552  -814.441162
  386.000000  -1040.212524  210.254044  -829.958496
  387.000000  -1060.116089  222.249054  -837.867065
  388.000000  -1055.565186  223.674362  -831.890808
  389.000000  -1067.443115  221.573608  -845.869507
  390.000000  -1104.506592  243.825104  -860.681519
  391.000000  -1076.982910  223.967010  -853.015869
  392.000000  -1076.293213  213.567993  -862.725220
  393.000000  -1074.701782  250.303452  -824.398315
  394.000000  -1053.909546  236.185608  -817.723938
  395.000000  -1059.938354  248.856583  -811.081787
  396.000000  -1067.933838  238.397491  -829.536377
  397.000000  -1081.968018  241.067596  -840.900391
  398.000000  -1071.754150  217.207855  -854.546265
  399.000000  -1068.706787  230.447296  -838.259521
  400.000000  -1072.301758  235.194870  -837.106873
  401.000000  -1070.220947  241.543030  -828.677917
  402.000000  -1043.163452  225.671295  -817.492188
  403.000000  -1047.330322  199.354019  -847.976318
  404.000000  -1042.836914  233.241623  -809.595276
  405.000000  -1072.446533  239.806519  -832.640015
  406.000000  -1061.076660  228.581940  -832.494751
  407.000000  -1083.487915  240.071716  -843.416199
  408.000000  -1068.459473  229.180756  -839.278687
  409.000000  -1036.225830  210.150116  -826.075684
  410.000000  -1045.737793  226.133179  -819.604614
  411.000000  -1049.444458  213.679230  -835.765259
  412.000000  -1047.514404  234.057358  -813.457031
  413.000000  -1055.118408  230.911301  -824.207092
  414.000000  -1046.031372  226.791290  -819.240112
  415.000000  -1053.487671  254.229813  -799.257874
  416.000000  -1045.426880  253.709961  -791.716919
  417.000000  -1043.363770  246.045029  -797.318726
  418.000000  -1074.700439  257.495605  -817.204834
  419.000000  -1075.315796  249.655380  -825.660400
  420.000000  -1046.191528  224.378998  -821.812500
  421.000000  -1046.362915  219.947250  -826.415649
  422.000000  -1050.307129  233.776535  -816.530579
  423.000000  -1058.312622  235.355728  -822.956909
  424.000000  -1071.922119  234.647552  -837.274536
  425.000000  -1061.933838  219.516861  -842.416992
  426.000000  -1043.360840  218.964111  -824.396729
  427.000000  -1066.068359  229.596909  -836.471436
  428.000000  -1066.285522  237.115128  -829.170410
  429.000000  -1052.358398  236.463867  -815.894531
  430.000000  -1042.947388  218.689880  -824.257507
  431.000000  -1054.907104  221.017426  -833.889648
  432.000000  -1057.465454  223.732117  -833.733337
  433.000000  -1075.609863  234.888428  -840.721436
  434.000000  -1046.815674  224.789948  -822.025757
  435.000000  -1060.473511  215.341156  -845.132324
  436.000000  -1061.150024  258.318665  -802.831360
  437.000000  -1058.607666  251.364319  -807.243347
  438.000000  -1036.668457  227.463989  -809.204468
  439.000000  -1043.245850  245.209488  -798.036377
  440.000000  -1047.461182  235.718994  -811.742188
  441.000000  -1044.393799  235.731430  -808.662354
  442.000000  -1062.144653  237.699585  -824.445068
  443.000000  -1055.352539  227.081223  -828.271301
  444.000000  -1073.299561  249.300415  -823.999146
  445.000000  -1039.306396  233.107666  -806.198730
  446.000000  -1054.973755  240.328033  -814.645752
  447.000000  -1076.230713  256.240967  -819.989746
  448.000000  -1056.130981  251.680450  -804.450562
  449.000000  -1056.323120  252.246368  -804.076782
  450.000000  -1037.314331  254.145615  -783.168701
  451.000000  -1054.145752  262.582092  -791.563660
  452.000000  -1076.625488  273.915588  -802.709900
  453.000000  -1044.781494  213.787521  -830.993958
  454.000000  -1062.757446  226.349976  -836.407471
  455.000000  -1053.980713  219.515610  -834.465088
  456.000000  -1070.469116  233.739975  -836.729126
  457.000000  -1059.213501  234.173828  -825.039673
  458.000000  -1058.244507  231.091583  -827.152954
  459.000000  -1056.273315  225.657394  -830.615906
  460.000000  -1061.930176  220.452347  -841.477844
  461.000000  -1053.986328  227.812561  -826.173767
  462.000000  -1060.717651  226.457428  -834.260254
  463.000000  -1067.897339  219.747345  -848.150024
  464.000000  -1072.567383  212.967499  -859.599854
  465.000000  -1077.929688  229.709747  -848.219971
  466.000000  -1071.661743  242.622375  -829.039368
  467.000000  -1065.035522  235.509811  -829.525696
  468.000000  -1072.816895  244.129791  -828.687134
  469.000000  -1050.849121  234.381546  -816.467590
  470.000000  -1062.997803  236.282028  -826.715759
  471.000000  -1083.557617  250.504135  -833.053467
  472.000000  -1057.372070  206.931946  -850.440125
  473.000000  -1064.476074  218.670746  -845.805298
  474.000000  -1069.973267  228.424011  -841.549255
  475.000000  -1055.764282  225.946091  -829.818176
  476.000000  -1061.580200  239.141632  -822.438599
  477.000000  -1058.223877  237.829758  -820.394104
  478.000000  -1062.824707  245.836639  -816.988037
  479.000000  -1069.597778  255.938538  -813.659241
  480.000000  -1071.606445  269.521973  -802.084473
  481.000000  -1060.696655  252.248627  -808.447998
  482.000000  -1058.811523  233.735107  -825.076416
  483.000000  -1061.531494  227.657455  -833.874023
  484.000000  -1044.832275  210.862579  -833.969727
  485.000000  -1081.404663  263.956360  -817.448303
  486.000000  -1037.741089  250.124435  -787.616638
  487.000000  -1036.884888  231.724701  -805.160156
  488.000000  -1077.951416  232.340515  -845.610901
  489.000000  -1056.734619  223.793076  -832.941528
  490.000000  -1045.239624  218.521790  -826.717834
  491.000000  -1067.411377  235.845764  -831.565613
  492.000000  -1076.596069  245.477966  -831.118103
  493.000000  -1046.685425  220.851578  -825.833862
  494.000000  -1053.291626  239.581375  -813.710266
  495.000000  -1074.965088  241.480804  -833.484253
  496.000000  -1032.812378  230.757889  -802.054504
  497.000000  -1065.820557  234.625839  -831.194702
  498.000000  -1067.158569  234.229263  -832.929321
  499.000000  -1066.971680  240.420227  -826.551453
  500.000000  -1061.571411  228.950806  -832.620605
